,Id,Prediction
0,1461,105762.48233621432
1,1462,152155.27095190715
2,1463,162744.18317168587
3,1464,181208.59196348357
4,1465,182433.3097384329
5,1466,170026.1680648528
6,1467,181272.64460334575
7,1468,154681.22473053486
8,1469,204577.54717248896
9,1470,106953.7606361001
10,1471,194807.33679287467
11,1472,94560.34699638818
12,1473,86072.48785231744
13,1474,142707.67280424078
14,1475,111506.22436365487
15,1476,340367.5586846657
16,1477,230968.43836910266
17,1478,308551.492200639
18,1479,297678.41742692806
19,1480,420778.9992048729
20,1481,282906.67865212914
21,1482,200564.6904679427
22,1483,178693.73559685505
23,1484,167711.7241207954
24,1485,195302.0276900059
25,1486,204844.36144923032
26,1487,300810.2168584356
27,1488,239071.95440275734
28,1489,184864.9947117999
29,1490,242285.9828108991
30,1491,218667.8117540381
31,1492,87734.12943702194
32,1493,202527.8394071524
33,1494,283970.0557897587
34,1495,278355.1003277025
35,1496,243183.58364770195
36,1497,170301.87760590197
37,1498,169604.18901918427
38,1499,163775.44495454498
39,1500,156365.97024540952
40,1501,195918.5611368257
41,1502,146743.4323017262
42,1503,266616.4324539793
43,1504,238086.26096912747
44,1505,222085.86678518905
45,1506,191057.81517631438
46,1507,250291.59764089755
47,1508,196558.9564589533
48,1509,150401.59083610598
49,1510,135332.89004350023
50,1511,153837.421158922
51,1512,176388.6446985837
52,1513,144249.65338711324
53,1514,151989.7722635317
54,1515,209578.8950132356
55,1516,166064.81335610853
56,1517,168625.9806892733
57,1518,118597.10514574999
58,1519,229420.81760724582
59,1520,122520.8845941473
60,1521,124295.86495097492
61,1522,187941.40677243014
62,1523,98245.71088974805
63,1524,121709.30925978925
64,1525,102508.02478118117
65,1526,98011.43406733473
66,1527,89833.91718562054
67,1528,141762.64939554705
68,1529,133002.40663716051
69,1530,192749.13679435878
70,1531,143822.79246688163
71,1532,96133.94367535962
72,1533,153868.4722953393
73,1534,154437.49216445602
74,1535,160301.58011096358
75,1536,105777.53391703298
76,1537,58092.05979492527
77,1538,170401.85470315345
78,1539,227846.80980255443
79,1540,123326.85486960091
80,1541,142783.53240056717
81,1542,135736.94257331663
82,1543,179086.10286646368
83,1544,86431.6239217033
84,1545,119001.36494611818
85,1546,142350.41455886862
86,1547,143546.05408471418
87,1548,131541.64734423728
88,1549,105278.60419126418
89,1550,132068.75971862505
90,1551,132261.75584730308
91,1552,146268.42843828248
92,1553,154831.3532863694
93,1554,115879.0200649283
94,1555,164481.0847626967
95,1556,71493.4943496776
96,1557,104100.00273378954
97,1558,113862.63243208792
98,1559,72158.506561022
99,1560,126228.33365908045
100,1561,153242.7852799643
101,1562,137468.74098892428
102,1563,119061.87115249534
103,1564,165716.99693794496
104,1565,144296.45404906443
105,1566,231864.7863357538
106,1567,84848.46616427785
107,1568,227547.93223429244
108,1569,125809.16275898287
109,1570,142206.54843502038
110,1571,105210.4430575311
111,1572,138859.11127934424
112,1573,239226.2764254547
113,1574,105013.47636786234
114,1575,237661.6895872861
115,1576,247996.96590322437
116,1577,181379.80198510207
117,1578,154266.17054277164
118,1579,123285.57049985485
119,1580,183591.42231437407
120,1581,156490.1635640847
121,1582,124837.73312905878
122,1583,289430.33995415486
123,1584,226801.6181925119
124,1585,159670.53364729942
125,1586,34005.61266323493
126,1587,120775.62681222068
127,1588,149211.86227348528
128,1589,116909.63665943018
129,1590,131604.21663349532
130,1591,65092.55322068809
131,1592,133759.22955176106
132,1593,127923.78250986664
133,1594,148442.8757300569
134,1595,103021.42337054339
135,1596,227767.84531316115
136,1597,163343.65648059876
137,1598,193690.77535013942
138,1599,185516.61781713774
139,1600,178737.04386610643
140,1601,23675.736098247115
141,1602,108162.11985662954
142,1603,67272.96651774483
143,1604,260288.9229217462
144,1605,248358.5987602747
145,1606,155041.3324444969
146,1607,155840.09381184215
147,1608,221806.35009699338
148,1609,187374.61500523987
149,1610,147487.81076072165
150,1611,133010.72017928612
151,1612,193613.0452123888
152,1613,159037.0872450478
153,1614,132704.2254843536
154,1615,71341.92504686212
155,1616,49936.75297671743
156,1617,69484.69234736472
157,1618,106139.39773154397
158,1619,152608.18259061803
159,1620,147834.7594572904
160,1621,134879.95906387054
161,1622,148190.5593808962
162,1623,258090.67918715166
163,1624,213683.0600970191
164,1625,120882.9281814746
165,1626,181174.6173169459
166,1627,177790.82700602623
167,1628,278295.10148181487
168,1629,176962.5034157178
169,1630,317675.0499255848
170,1631,204937.67818028788
171,1632,222213.01755377784
172,1633,175527.6147683989
173,1634,185288.4640388631
174,1635,183930.66191186954
175,1636,165488.44694268485
176,1637,193223.6126201885
177,1638,219591.463941611
178,1639,176288.9601170328
179,1640,260200.95377898385
180,1641,180849.4771729433
181,1642,255158.4680086174
182,1643,223400.52456145367
183,1644,228821.15379309232
184,1645,235512.62726000388
185,1646,166791.03947956854
186,1647,158103.39156224552
187,1648,118693.28671742913
188,1649,142672.85810955951
189,1650,106868.82014240236
190,1651,104398.5273763502
191,1652,99279.61054636499
192,1653,101095.57712771119
193,1654,141606.57539337763
194,1655,133210.93128308738
195,1656,135086.2860753315
196,1657,142250.70998723482
197,1658,146618.66008651175
198,1659,106439.04868274338
199,1660,157039.34707588961
200,1661,411314.4125851122
201,1662,342213.29138605564
202,1663,372693.6232102486
203,1664,440743.09552598686
204,1665,322561.4575718201
205,1666,310569.44332520885
206,1667,348787.46183106495
207,1668,347151.5964259078
208,1669,308826.8337882424
209,1670,347393.89805863897
210,1671,254118.59022866504
211,1672,382717.0949964222
212,1673,273234.2261769809
213,1674,240751.00396144413
214,1675,196045.81111505115
215,1676,196957.44753478136
216,1677,203777.25574791367
217,1678,416544.21200230485
218,1679,351106.4545925673
219,1680,318411.67658151465
220,1681,284298.89487922343
221,1682,301064.10913277743
222,1683,184881.73479374385
223,1684,191142.4844269518
224,1685,193951.22358841498
225,1686,176987.2149304257
226,1687,184121.18229624198
227,1688,204382.51157332055
228,1689,206603.45026643592
229,1690,206741.72969281033
230,1691,198117.95690255033
231,1692,274896.8564086049
232,1693,182124.60711870002
233,1694,174288.75971145046
234,1695,162782.2053135383
235,1696,271172.39634514425
236,1697,157770.7368230672
237,1698,315907.2046889117
238,1699,299866.6388068574
239,1700,245213.71659753035
240,1701,268642.2455391347
241,1702,245304.1043076277
242,1703,246744.82998556987
243,1704,277086.1721898129
244,1705,266072.43592550186
245,1706,397022.5814926218
246,1707,215664.9873780184
247,1708,203492.91708015325
248,1709,261589.0921175144
249,1710,217846.72159292435
250,1711,275752.4421289633
251,1712,245093.78191937204
252,1713,269018.9475959981
253,1714,218632.7493392094
254,1715,207293.00569201965
255,1716,189411.3290843721
256,1717,189090.19926780654
257,1718,137124.87575760446
258,1719,218541.0217264216
259,1720,264014.98937293026
260,1721,185767.7746053307
261,1722,128200.12212436987
262,1723,163748.23511247968
263,1724,209003.8749240375
264,1725,243261.22082002892
265,1726,196771.92905314782
266,1727,155130.4246013683
267,1728,199063.5701891929
268,1729,161538.01915129597
269,1730,164644.2514693356
270,1731,123518.7380959449
271,1732,120673.95179866017
272,1733,99158.22963995479
273,1734,111954.28462952035
274,1735,146628.40376397313
275,1736,102638.93822959565
276,1737,283051.4231467416
277,1738,236224.81858822276
278,1739,256893.01900527807
279,1740,188419.3484455855
280,1741,181888.2736688419
281,1742,180256.43786889894
282,1743,190748.85525095192
283,1744,324006.9101270951
284,1745,222188.3287606282
285,1746,224404.86139304447
286,1747,216249.07347135432
287,1748,232292.1588355921
288,1749,161767.48312397097
289,1750,154755.13516357137
290,1751,265634.8546017467
291,1752,99208.11591989227
292,1753,145610.09767053043
293,1754,206272.97783143795
294,1755,181846.1914143462
295,1756,116939.86187670409
296,1757,110396.62135203816
297,1758,143539.05445300054
298,1759,154704.78668219488
299,1760,162709.5437338962
300,1761,160005.61348711245
301,1762,168582.18511523167
302,1763,188973.2251212616
303,1764,98512.36935218678
304,1765,183552.62825552814
305,1766,189496.22924473393
306,1767,223560.1875256871
307,1768,143933.08273650362
308,1769,171702.0204559039
309,1770,163885.97221424564
310,1771,110989.2277401835
311,1772,137221.78851179493
312,1773,112247.75360170483
313,1774,139427.67844847986
314,1775,140095.76258678833
315,1776,129817.73434399113
316,1777,115651.02962425984
317,1778,147744.6994670725
318,1779,116217.83166858388
319,1780,178390.6529982618
320,1781,110201.16188988734
321,1782,62628.386362217614
322,1783,138208.43593606137
323,1784,115231.34028357234
324,1785,137000.1375774286
325,1786,159306.57609868835
326,1787,180225.77215163055
327,1788,80398.4425483306
328,1789,101890.78021325268
329,1790,39607.722130168
330,1791,200377.71337388898
331,1792,160888.77736859652
332,1793,143503.60553296978
333,1794,177105.8449681133
334,1795,131644.20792557043
335,1796,155334.83217239875
336,1797,146549.11178323103
337,1798,111016.04212613667
338,1799,96083.36115102236
339,1800,126459.58242940852
340,1801,112824.07018206378
341,1802,151958.05122488344
342,1803,161448.16333388325
343,1804,149960.07638600626
344,1805,142815.9872369248
345,1806,137906.14637842646
346,1807,154827.06884962408
347,1808,133401.51515923708
348,1809,115403.46953838527
349,1810,141005.01610641525
350,1811,134067.33742583793
351,1812,119310.21986427845
352,1813,121445.31773119487
353,1814,101409.29313920777
354,1815,28273.233817880333
355,1816,119339.88484119916
356,1817,130994.79862722596
357,1818,191502.0704997181
358,1819,148429.01438182645
359,1820,46160.952675783396
360,1821,150894.46859246917
361,1822,160431.52095961643
362,1823,54522.71895019073
363,1824,137841.98720970447
364,1825,131754.3183825585
365,1826,101035.09037972857
366,1827,87075.92506050882
367,1828,121386.08206754662
368,1829,134325.56319155206
369,1830,142877.61898112175
370,1831,151545.64827880415
371,1832,76126.76733404041
372,1833,143246.5288047394
373,1834,119958.82991300759
374,1835,103477.88420211486
375,1836,130361.64655793783
376,1837,85521.16533201451
377,1838,107564.04950459312
378,1839,130010.40687436514
379,1840,138119.98750610146
380,1841,112696.50364682596
381,1842,89065.55007759164
382,1843,127182.37535363923
383,1844,139597.2827148878
384,1845,139487.85759073615
385,1846,151888.4955340374
386,1847,161809.76338269908
387,1848,23761.416298804135
388,1849,108016.0243697464
389,1850,108107.77749178499
390,1851,150544.92559978005
391,1852,127238.57480690538
392,1853,131684.20380565117
393,1854,177361.59291302267
394,1855,169859.95229732752
395,1856,228453.60146213544
396,1857,152508.31709301876
397,1858,152043.573139154
398,1859,110738.35982854772
399,1860,172884.4549438499
400,1861,112746.84567967495
401,1862,303637.22414131695
402,1863,301928.90861974884
403,1864,301943.56178399577
404,1865,343931.68092241854
405,1866,344366.413062679
406,1867,234136.6643799181
407,1868,300651.4243434959
408,1869,220486.49656418082
409,1870,235868.85170511837
410,1871,255880.352857344
411,1872,190372.75471771957
412,1873,222852.67961765593
413,1874,129241.45890266448
414,1875,184114.96462034676
415,1876,188873.62862009436
416,1877,213427.7249742123
417,1878,212906.13388947627
418,1879,126958.18308979644
419,1880,129175.51156907639
420,1881,247985.22557933832
421,1882,256547.82482792763
422,1883,192448.75984792478
423,1884,204796.22931402866
424,1885,246026.16062481963
425,1886,291262.94658978016
426,1887,236732.93210319546
427,1888,274725.72702778486
428,1889,175828.02779289134
429,1890,93435.87970999327
430,1891,128066.66502803899
431,1892,78524.28619952592
432,1893,139928.47511982484
433,1894,105745.50417628241
434,1895,135620.37034237437
435,1896,128243.03727467499
436,1897,116138.5974247379
437,1898,110193.30205083154
438,1899,157966.72799631528
439,1900,134849.19338193053
440,1901,139953.20573096364
441,1902,122121.12010375639
442,1903,195169.81023302503
443,1904,130706.485459114
444,1905,171483.70213932177
445,1906,146100.55668810362
446,1907,203632.0830110596
447,1908,103038.69784089309
448,1909,144679.68074102176
449,1910,123180.51979280723
450,1911,189064.97312226688
451,1912,278419.37839092326
452,1913,168332.32688158297
453,1914,58241.075939942544
454,1915,294778.2916539351
455,1916,12688.473783375637
456,1917,252344.6599275205
457,1918,140834.94857175538
458,1919,179546.2044902013
459,1920,160966.49461541246
460,1921,368954.5981407548
461,1922,337701.41633130726
462,1923,233294.78333663964
463,1924,211317.6537999106
464,1925,220917.3811094935
465,1926,370802.64129558485
466,1927,134986.63001321827
467,1928,156686.28075458136
468,1929,120734.02219836503
469,1930,137403.51723216515
470,1931,140495.86029062
471,1932,136603.73694410373
472,1933,174294.99710833232
473,1934,161144.24226003472
474,1935,166046.6091998418
475,1936,176836.53423674015
476,1937,174566.8511329362
477,1938,182095.64877619088
478,1939,239966.16761627272
479,1940,185203.2562408359
480,1941,165272.76328190896
481,1942,189397.48019517603
482,1943,199921.65293304957
483,1944,320688.5608270763
484,1945,357562.617196547
485,1946,135551.6960615139
486,1947,314075.8769366006
487,1948,173630.72825607515
488,1949,259403.81224672415
489,1950,202594.07072037284
490,1951,268147.22469456616
491,1952,228275.60706403488
492,1953,196399.38748708036
493,1954,197093.85092522114
494,1955,118491.34018459679
495,1956,333406.9357829478
496,1957,151761.44475124674
497,1958,285171.0382151919
498,1959,136959.11007848557
499,1960,107135.00950779782
500,1961,124605.27985700002
501,1962,91526.63037093134
502,1963,106894.2136432427
503,1964,94517.22216838192
504,1965,136638.45383330516
505,1966,135932.6618522181
506,1967,278601.3664869557
507,1968,372077.24815307965
508,1969,366044.8623187287
509,1970,373523.239443497
510,1971,430759.01927008363
511,1972,360521.44116880506
512,1973,293961.55708181683
513,1974,320925.4568257518
514,1975,430279.7460367415
515,1976,269224.7401691155
516,1977,347108.15347224625
517,1978,318680.29237785895
518,1979,307616.8411718722
519,1980,184969.3564039001
520,1981,339126.89288521453
521,1982,215746.37038563748
522,1983,200817.20398524246
523,1984,176951.0646343326
524,1985,224184.11713696586
525,1986,218425.66884518528
526,1987,190866.41887467477
527,1988,183349.10094150653
528,1989,204347.65724596652
529,1990,225341.75767939974
530,1991,208032.43684182194
531,1992,237254.51891412828
532,1993,187393.58631803084
533,1994,234895.7398804755
534,1995,177785.765508791
535,1996,277560.8591050219
536,1997,316558.86593551986
537,1998,295500.33083944273
538,1999,279430.4597295564
539,2000,303249.09634810063
540,2001,304383.560116995
541,2002,262888.2917224808
542,2003,255910.51052662064
543,2004,279990.78923178895
544,2005,246660.39189602947
545,2006,207995.44797057344
546,2007,258372.31771137973
547,2008,213171.34500886442
548,2009,204142.42329392637
549,2010,219747.74381859548
550,2011,149237.581029344
551,2012,188206.8497463835
552,2013,184227.2862383399
553,2014,199694.60629864584
554,2015,219524.90578959414
555,2016,198854.45755720075
556,2017,207785.21248074857
557,2018,110194.0277530568
558,2019,140418.8902387172
559,2020,89178.09633413726
560,2021,102111.7258288547
561,2022,189483.8762648222
562,2023,152653.54870684247
563,2024,285095.10083583347
564,2025,332200.9125020326
565,2026,167715.62910965152
566,2027,154901.4524617487
567,2028,162580.44569921072
568,2029,159225.8599540286
569,2030,276769.1646687504
570,2031,256352.12216966978
571,2032,272687.9465051327
572,2033,264174.4189312377
573,2034,178926.46474007497
574,2035,207709.4915586627
575,2036,217472.37802044378
576,2037,220095.89465833822
577,2038,314791.16982932296
578,2039,217968.21161510877
579,2040,323796.0607283538
580,2041,306189.5705912624
581,2042,203652.42149351197
582,2043,167477.92093387374
583,2044,182636.48234259916
584,2045,202901.75651629886
585,2046,130992.26365423658
586,2047,139634.55307708753
587,2048,147904.7915802866
588,2049,131578.46680697417
589,2050,177747.7862966536
590,2051,105500.4710119267
591,2052,126093.15047892829
592,2053,142136.31597158895
593,2054,60174.93391477571
594,2055,176584.23411975405
595,2056,152486.3697717114
596,2057,108198.99135713677
597,2058,214459.73046107782
598,2059,127867.41331355319
599,2060,172755.79415116104
600,2061,186921.24695619917
601,2062,117041.81266352464
602,2063,117428.86359490981
603,2064,125041.47228367493
604,2065,111036.82937625167
605,2066,176532.0239396582
606,2067,113370.5941927543
607,2068,132411.312609992
608,2069,73740.26534943207
609,2070,107278.93317177087
610,2071,81153.45461220114
611,2072,146955.75957993465
612,2073,131230.90840379515
613,2074,189347.5390543261
614,2075,142273.10269689528
615,2076,137772.75956237808
616,2077,138905.9236847774
617,2078,107194.35459293192
618,2079,137279.69009271736
619,2080,117943.585397998
620,2081,131419.32392916604
621,2082,125214.23633607369
622,2083,147343.2261428095
623,2084,94842.098265978
624,2085,103817.75249489785
625,2086,127788.29596980137
626,2087,131531.4076066506
627,2088,96209.24273910419
628,2089,87294.15073938582
629,2090,134203.1513864837
630,2091,70845.90408463203
631,2092,131781.12430151072
632,2093,173162.8295241029
633,2094,125045.6383770322
634,2095,130123.64061589346
635,2096,85280.15651490242
636,2097,116105.1014246799
637,2098,154956.77398996797
638,2099,27015.757320148754
639,2100,67933.43082166956
640,2101,116843.74663849648
641,2102,137152.09010506302
642,2103,92760.62870407793
643,2104,142051.6200861655
644,2105,157219.0359197079
645,2106,52123.52802873275
646,2107,193733.77211732607
647,2108,133788.25058810512
648,2109,94704.83335652239
649,2110,107472.80228388202
650,2111,152883.91837465938
651,2112,123213.81298344416
652,2113,121283.55647339454
653,2114,117407.10660853259
654,2115,157442.6076257361
655,2116,92538.5479453556
656,2117,133556.29807184683
657,2118,114445.82589808023
658,2119,99761.8821604183
659,2120,122106.90118686677
660,2121,84052.46890042258
661,2122,89054.6030644501
662,2123,73031.9620973029
663,2124,167488.443974942
664,2125,130921.09015237128
665,2126,143741.9086248647
666,2127,160294.04008463913
667,2128,155261.25799217037
668,2129,78013.55236705711
669,2130,129573.17925482076
670,2131,146049.3731975737
671,2132,107019.45178463729
672,2133,114853.09020274601
673,2134,126264.4079785582
674,2135,112132.5334843326
675,2136,47745.49707259433
676,2137,113696.66512413118
677,2138,159023.22405424385
678,2139,154198.4301291216
679,2140,145750.47655829997
680,2141,168383.83485362443
681,2142,120462.82761365773
682,2143,137247.03201472605
683,2144,100772.29235160993
684,2145,141902.05369170377
685,2146,171776.54610653466
686,2147,160085.21243160721
687,2148,144286.07053407867
688,2149,168382.24279410156
689,2150,214512.13317856155
690,2151,126578.30866495064
691,2152,190544.00214775937
692,2153,197529.29506574807
693,2154,104577.04016322493
694,2155,138532.19374611822
695,2156,272621.37185711024
696,2157,247681.92927433463
697,2158,238971.96226372372
698,2159,231939.76915096672
699,2160,185885.12948145028
700,2161,247994.42122421204
701,2162,360340.39438740705
702,2163,363881.68548646057
703,2164,243826.39675712714
704,2165,202556.68382121454
705,2166,147624.8473196074
706,2167,214903.45636163917
707,2168,190135.37340400988
708,2169,200539.78820040333
709,2170,216030.2399837025
710,2171,165014.98397505283
711,2172,141997.81108461245
712,2173,149928.1344873156
713,2174,228367.24129485292
714,2175,272846.9032704212
715,2176,299351.0419587734
716,2177,234170.18946951898
717,2178,234099.5918475404
718,2179,151022.20374072756
719,2180,203854.9315892229
720,2181,195956.23805778706
721,2182,218214.80523697977
722,2183,199744.28277943688
723,2184,124354.74985215967
724,2185,131408.26466850375
725,2186,153900.96264708383
726,2187,155417.91361550614
727,2188,164116.94161469763
728,2189,307229.7534719807
729,2190,60144.06958194154
730,2191,52980.54527298189
731,2192,65204.575457234096
732,2193,116940.06055379588
733,2194,94483.87316204516
734,2195,84980.00181301982
735,2196,115803.13749358871
736,2197,104585.95797000766
737,2198,158379.3107641024
738,2199,186908.84451408053
739,2200,125841.6330025057
740,2201,143573.9516285623
741,2202,213039.04144179117
742,2203,114038.21722560124
743,2204,144054.72516767535
744,2205,98244.2996115282
745,2206,132431.02689324273
746,2207,180690.38234999243
747,2208,224733.5997975201
748,2209,186708.08026611456
749,2210,115937.89698989206
750,2211,113572.33909088015
751,2212,137951.14174672443
752,2213,109269.78448852061
753,2214,162085.7312038005
754,2215,87558.10519959139
755,2216,147524.19555378213
756,2217,85353.0335828098
757,2218,75474.96415689874
758,2219,75029.58137748393
759,2220,47758.99691012304
760,2221,295447.8270458553
761,2222,268370.1647488759
762,2223,293214.34896136983
763,2224,219374.32360907632
764,2225,124156.4082696599
765,2226,182384.59168191513
766,2227,226055.70336544974
767,2228,279009.8287888859
768,2229,242404.1854956297
769,2230,140638.30840083532
770,2231,215567.39594627864
771,2232,183961.05178116114
772,2233,211965.43858285045
773,2234,278554.38240545965
774,2235,245143.330106089
775,2236,251927.1700494651
776,2237,319724.1556414916
777,2238,199755.1264430361
778,2239,111462.88034850587
779,2240,167690.3682680279
780,2241,154593.04020767135
781,2242,118300.94041014912
782,2243,125944.66213078388
783,2244,103319.25789754798
784,2245,89806.49638330202
785,2246,143026.22474223166
786,2247,109335.83224810839
787,2248,109741.36100775083
788,2249,117728.9609993823
789,2250,121965.49973006318
790,2251,87202.99520479972
791,2252,177879.06876065215
792,2253,141837.9944105072
793,2254,172590.83527395895
794,2255,188941.8266347994
795,2256,190926.4093000887
796,2257,201124.52169556692
797,2258,170372.21205621236
798,2259,172202.55082573264
799,2260,144200.91144339775
800,2261,188674.3402055434
801,2262,203886.5301898693
802,2263,346015.10647589486
803,2264,412454.9108262199
804,2265,163952.7355939907
805,2266,277911.67116795894
806,2267,328766.7568480418
807,2268,389529.11038632836
808,2269,164306.4436836855
809,2270,213715.09069714008
810,2271,222412.94945518352
811,2272,262752.7524673904
812,2273,171487.3306460651
813,2274,185060.81352018693
814,2275,159403.71150465542
815,2276,187867.83975146414
816,2277,186767.24944886248
817,2278,143315.0699856172
818,2279,127590.26918977906
819,2280,100882.83369184363
820,2281,169864.05436201513
821,2282,181571.95777610262
822,2283,109244.15411796009
823,2284,130718.17674541044
824,2285,132505.10899703024
825,2286,122229.96650212599
826,2287,357750.7614344713
827,2288,273676.84570669895
828,2289,290733.34516642627
829,2290,399594.4314256531
830,2291,326569.33787258633
831,2292,397558.8998821421
832,2293,408027.24340613664
833,2294,357513.0929992838
834,2295,429026.3063098699
835,2296,237419.28160770284
836,2297,342672.16777897475
837,2298,337431.21891357977
838,2299,341261.5369619635
839,2300,309501.9314583664
840,2301,314305.0920888361
841,2302,245417.82904972625
842,2303,238682.62175482773
843,2304,228545.25602996332
844,2305,197027.64109125387
845,2306,198551.76350670328
846,2307,204258.3168006663
847,2308,204739.96665654928
848,2309,306918.59231894615
849,2310,199852.60863460109
850,2311,203984.49342404614
851,2312,181404.47628728146
852,2313,183756.83723538503
853,2314,177822.76549403605
854,2315,183643.35525406298
855,2316,209861.21776890554
856,2317,197348.10454128648
857,2318,189002.49863941484
858,2319,187499.69414644086
859,2320,189072.7712491736
860,2321,239918.68925784845
861,2322,199838.34993527087
862,2323,188121.46065393585
863,2324,196448.711412761
864,2325,217641.24356793507
865,2326,185949.0538426658
866,2327,215426.32904760016
867,2328,227533.24362620394
868,2329,182541.4795522332
869,2330,176137.30321727126
870,2331,322142.64141722163
871,2332,362434.506740805
872,2333,293942.34911830025
873,2334,257107.88980186795
874,2335,286665.5881902219
875,2336,292144.88658958545
876,2337,195375.32715394752
877,2338,256140.3890041766
878,2339,232753.4300386723
879,2340,395597.55196615757
880,2341,205324.97221097778
881,2342,248512.5597817222
882,2343,237611.2237064226
883,2344,229635.36649704113
884,2345,229724.44954493252
885,2346,202851.997069718
886,2347,189891.0098671015
887,2348,238208.54934341108
888,2349,177214.08349395893
889,2350,311882.96159134805
890,2351,267270.1693291266
891,2352,256662.3271342343
892,2353,257795.77558678828
893,2354,127398.65388603827
894,2355,154943.50777541965
895,2356,176412.3225423053
896,2357,204316.39854650604
897,2358,196951.47824472783
898,2359,122471.55272324347
899,2360,118757.16596247943
900,2361,142632.59198738812
901,2362,268248.35611647496
902,2363,160851.0077546177
903,2364,194843.35452954998
904,2365,225768.99893385108
905,2366,182178.36192864945
906,2367,200882.38735874955
907,2368,206856.6379786054
908,2369,192015.68293293024
909,2370,166777.0750449214
910,2371,169417.42431233128
911,2372,195150.88573510907
912,2373,296515.5144266578
913,2374,306602.93432001665
914,2375,232969.792353391
915,2376,296487.0917572859
916,2377,315862.267859706
917,2378,149089.65805449206
918,2379,216522.6383351631
919,2380,165643.48765586823
920,2381,179008.02052059185
921,2382,212622.8077328894
922,2383,204848.32786530428
923,2384,253456.2130001781
924,2385,170072.7630716543
925,2386,131626.90730726195
926,2387,129180.84250995789
927,2388,102791.67840219502
928,2389,114775.32084036544
929,2390,138771.36180475028
930,2391,130014.21978921641
931,2392,107116.22919933936
932,2393,173338.25303048038
933,2394,122915.09606186351
934,2395,207628.29828903385
935,2396,138179.60206327194
936,2397,219957.7427183203
937,2398,115934.76477166286
938,2399,68508.97722664331
939,2400,61290.40132088233
940,2401,100423.63733364489
941,2402,141640.67678424637
942,2403,128546.71934921462
943,2404,147997.1244217502
944,2405,162521.58058040857
945,2406,133828.16838783165
946,2407,137737.80739243067
947,2408,152263.9766762241
948,2409,117481.14126976219
949,2410,191467.3027007247
950,2411,100198.15500723213
951,2412,151225.1096791802
952,2413,119404.43352130774
953,2414,156540.97200961102
954,2415,121662.54044292211
955,2416,121262.36666253254
956,2417,121627.71725684572
957,2418,124387.87627586785
958,2419,134945.46906424334
959,2420,117853.79676199876
960,2421,113378.7598674063
961,2422,91647.82744832597
962,2423,132645.44814036507
963,2424,153043.99056348694
964,2425,195722.92557961607
965,2426,131881.72613427648
966,2427,138393.6604911243
967,2428,186754.5194168951
968,2429,107572.24186424182
969,2430,133165.16844543326
970,2431,92666.29409761721
971,2432,143042.38930859347
972,2433,139030.4972045233
973,2434,134399.79367125873
974,2435,152386.36219299823
975,2436,106620.32072041548
976,2437,93418.59731931315
977,2438,113812.87065890893
978,2439,107354.47998739558
979,2440,132860.81511665045
980,2441,135849.90181655425
981,2442,94192.21652857239
982,2443,139702.97181743046
983,2444,131473.7665120376
984,2445,102361.05639213565
985,2446,130766.37969506248
986,2447,205622.7333595497
987,2448,140203.94872389507
988,2449,112739.20824608047
989,2450,157701.0570417011
990,2451,118277.14339910042
991,2452,192757.80458850102
992,2453,90952.19585098601
993,2454,100440.65437013358
994,2455,103072.49323886196
995,2456,146375.80572982467
996,2457,117221.0353871532
997,2458,125965.76057677229
998,2459,109350.47890086357
999,2460,145226.06036454177
1000,2461,128494.96812635068
1001,2462,121859.20093343439
1002,2463,132931.49876008928
1003,2464,168276.1708619754
1004,2465,134314.73440124604
1005,2466,133713.6735201446
1006,2467,157425.46080227382
1007,2468,90909.53101537933
1008,2469,88120.71994569455
1009,2470,195442.51625033683
1010,2471,217830.33242570184
1011,2472,167307.29780465388
1012,2473,125447.59801983365
1013,2474,82772.25951300102
1014,2475,215131.30221903106
1015,2476,98483.05433001915
1016,2477,112248.98838419809
1017,2478,158818.02783233742
1018,2479,102739.57400148244
1019,2480,145292.1364462704
1020,2481,132504.36212262296
1021,2482,130126.92571716763
1022,2483,104674.40628612168
1023,2484,126038.70238722274
1024,2485,134016.95540417038
1025,2486,137241.4000353764
1026,2487,190345.7615446205
1027,2488,177895.81434433765
1028,2489,156360.65851965928
1029,2490,148117.95263202186
1030,2491,111894.99668676661
1031,2492,179636.47117527045
1032,2493,153849.0077206966
1033,2494,142255.9700939975
1034,2495,79468.16950539462
1035,2496,230769.01616765346
1036,2497,161009.67277462376
1037,2498,89889.71139072238
1038,2499,76984.65315391365
1039,2500,100401.779609516
1040,2501,150927.71000867942
1041,2502,147596.61333777822
1042,2503,110117.66207464418
1043,2504,161408.63971073934
1044,2505,227264.44475063443
1045,2506,253470.98478247013
1046,2507,273909.2827675011
1047,2508,253710.29342045137
1048,2509,220443.51382993837
1049,2510,218843.35561886805
1050,2511,180877.1529095973
1051,2512,209954.9143151904
1052,2513,241891.76518739207
1053,2514,294290.8768574231
1054,2515,131538.7198771488
1055,2516,171606.64607349623
1056,2517,134340.05987742514
1057,2518,135662.46953689735
1058,2519,222463.83898946806
1059,2520,213890.0994616082
1060,2521,192910.90060739184
1061,2522,227859.01880047558
1062,2523,124217.98436345566
1063,2524,130571.96253171236
1064,2525,131446.23452968174
1065,2526,139121.147196265
1066,2527,123185.93498868834
1067,2528,113864.65492574465
1068,2529,136299.55407178067
1069,2530,123996.37963332132
1070,2531,237789.03501962015
1071,2532,223918.19772519753
1072,2533,206776.11346711763
1073,2534,249817.91998048694
1074,2535,278654.52229591634
1075,2536,239445.86552665615
1076,2537,235189.07627884165
1077,2538,184759.752755064
1078,2539,205229.7662590947
1079,2540,179940.9830232503
1080,2541,191026.57328085697
1081,2542,166533.63206864573
1082,2543,129121.33206558858
1083,2544,98081.09274116365
1084,2545,138154.3918567886
1085,2546,125975.45547310295
1086,2547,146561.3234216454
1087,2548,153741.03086387133
1088,2549,142892.54533937422
1089,2550,594479.0741135529
1090,2551,138950.9720693119
1091,2552,140442.22979489318
1092,2553,71474.93762420812
1093,2554,76395.20580410911
1094,2555,105766.70526121145
1095,2556,78677.08577857153
1096,2557,90127.01096363654
1097,2558,153428.70405290526
1098,2559,113390.32326240018
1099,2560,126395.543963684
1100,2561,138584.4389222138
1101,2562,124555.97510066038
1102,2563,124554.71378375973
1103,2564,181721.6491139731
1104,2565,116131.8198969183
1105,2566,133153.69016433664
1106,2567,100463.33610418673
1107,2568,172685.546364862
1108,2569,193920.76713199294
1109,2570,121096.65031449236
1110,2571,161685.44677525017
1111,2572,150946.3125901335
1112,2573,202711.04098939203
1113,2574,250951.65483380703
1114,2575,144628.66017683933
1115,2576,122209.14785661966
1116,2577,158951.90283667127
1117,2578,79209.27072452113
1118,2579,21575.890623274317
1119,2580,88078.80894535403
1120,2581,115907.47158126459
1121,2582,139304.84562090482
1122,2583,247956.3176895256
1123,2584,176797.39784510937
1124,2585,195556.68888518773
1125,2586,219747.77502677837
1126,2587,199523.39647900176
1127,2588,134087.72498725116
1128,2589,160260.15573931768
1129,2590,233526.23559470836
1130,2591,263502.2322554155
1131,2592,206944.48795109158
1132,2593,257670.51942680386
1133,2594,190531.30386886335
1134,2595,232697.80659194337
1135,2596,307789.23692941596
1136,2597,209679.1116532119
1137,2598,279756.76821824035
1138,2599,353781.36781309906
1139,2600,144414.10094310445
1140,2601,157232.2999648144
1141,2602,60834.30158936059
1142,2603,86781.79395168833
1143,2604,68087.77486575798
1144,2605,59316.045982065596
1145,2606,153195.31771394284
1146,2607,208045.5936453884
1147,2608,202149.04372878218
1148,2609,170563.85420187836
1149,2610,100615.6834013689
1150,2611,128901.33268231087
1151,2612,156429.79490485566
1152,2613,132577.00062220966
1153,2614,108184.17888135536
1154,2615,151528.20916501115
1155,2616,168849.06949485274
1156,2617,185847.8777945543
1157,2618,228834.84488284442
1158,2619,205479.54942770538
1159,2620,170717.06440080632
1160,2621,171436.86555456265
1161,2622,179904.0224223838
1162,2623,230936.56738034825
1163,2624,273219.2608023855
1164,2625,259078.63689018585
1165,2626,174342.50836159143
1166,2627,154489.49529604247
1167,2628,385059.9696141562
1168,2629,431827.6283964447
1169,2630,320485.88569268154
1170,2631,415216.5028091786
1171,2632,367517.8896968848
1172,2633,280164.7655818238
1173,2634,384342.8819037445
1174,2635,171253.00760325516
1175,2636,181666.7597987982
1176,2637,207866.6891525804
1177,2638,251302.63867846288
1178,2639,179090.3336712413
1179,2640,149841.75278255984
1180,2641,88741.57631573608
1181,2642,181725.97394637583
1182,2643,107058.6415804148
1183,2644,114422.59645492061
1184,2645,108689.62054581112
1185,2646,90769.33289951285
1186,2647,106049.831403128
1187,2648,137600.09924929857
1188,2649,153130.76155472902
1189,2650,123137.79646038408
1190,2651,135051.24646688963
1191,2652,354195.75070097554
1192,2653,252783.67555571033
1193,2654,249881.35150039755
1194,2655,372538.57289256196
1195,2656,319564.3700229224
1196,2657,351268.48971002025
1197,2658,306203.5554380031
1198,2659,296694.13752089016
1199,2660,345156.1548800594
1200,2661,335253.3773123269
1201,2662,367325.38415037893
1202,2663,264837.053117114
1203,2664,299367.90403903555
1204,2665,314884.73236794944
1205,2666,288251.3155624617
1206,2667,182817.78779226926
1207,2668,190115.70941968783
1208,2669,191767.85206162045
1209,2670,281052.8531941675
1210,2671,191424.37268134477
1211,2672,198812.59041236513
1212,2673,208945.845705756
1213,2674,206730.35496806138
1214,2675,166222.23162333138
1215,2676,212201.50878081174
1216,2677,190865.04026187802
1217,2678,244908.80952887773
1218,2679,263397.5752408109
1219,2680,275110.733555333
1220,2681,389677.0140597685
1221,2682,298848.2408077172
1222,2683,437089.32535715256
1223,2684,297130.4843863831
1224,2685,309631.37037392525
1225,2686,243396.8200583518
1226,2687,274136.63626199705
1227,2688,219558.83538047652
1228,2689,199293.25337172268
1229,2690,355558.3205919491
1230,2691,190726.16134134465
1231,2692,132096.15781854626
1232,2693,213599.4824577484
1233,2694,141857.07173346519
1234,2695,208095.1344592562
1235,2696,199105.61923475307
1236,2697,172680.150959722
1237,2698,219859.38827489407
1238,2699,175677.90356317203
1239,2700,153651.48439223276
1240,2701,159806.1820763518
1241,2702,120025.15711684267
1242,2703,149046.1802233323
1243,2704,134858.1357786159
1244,2705,106206.53596171086
1245,2706,102211.71119966976
1246,2707,127184.50877732939
1247,2708,116348.23846827385
1248,2709,98260.74727187394
1249,2710,119730.1977652419
1250,2711,255779.93449677533
1251,2712,355305.6374971397
1252,2713,168176.17358785955
1253,2714,155642.28565360905
1254,2715,172769.79169488163
1255,2716,146980.92738193984
1256,2717,193159.7356561901
1257,2718,220724.92772302908
1258,2719,139631.61277570995
1259,2720,195168.61179894564
1260,2721,130096.95072664715
1261,2722,181216.6705599789
1262,2723,181312.90705398994
1263,2724,125620.964218176
1264,2725,118890.70680112652
1265,2726,132177.73373095068
1266,2727,169130.05821673237
1267,2728,181857.65895791404
1268,2729,140383.72331473883
1269,2730,141178.0404487326
1270,2731,132236.18316686607
1271,2732,123483.78038318352
1272,2733,147001.6240919893
1273,2734,138971.39941002856
1274,2735,135907.26670491655
1275,2736,122885.17788077319
1276,2737,103320.73140361022
1277,2738,118870.81203247837
1278,2739,147959.5317237521
1279,2740,141086.72742318502
1280,2741,152446.74062230167
1281,2742,172421.6784283715
1282,2743,157283.24086511455
1283,2744,158989.01733684892
1284,2745,158737.17951953397
1285,2746,116801.79496086678
1286,2747,175376.55085957548
1287,2748,112609.57214536805
1288,2749,126406.91878140798
1289,2750,110397.97787666462
1290,2751,126006.34228309574
1291,2752,250142.7931186254
1292,2753,129250.75395076443
1293,2754,205772.26458115224
1294,2755,137637.36630532838
1295,2756,72528.9284839256
1296,2757,61523.572863380905
1297,2758,108658.32177200756
1298,2759,159013.31879107855
1299,2760,146284.62152459397
1300,2761,141787.98788134463
1301,2762,132420.56581438426
1302,2763,195065.20891342682
1303,2764,184783.171980082
1304,2765,251036.25785834057
1305,2766,126920.68347490604
1306,2767,61046.72516346219
1307,2768,96371.55333422338
1308,2769,121327.15707788435
1309,2770,152378.62342034868
1310,2771,95987.76378332033
1311,2772,89718.5190584711
1312,2773,193878.98551724086
1313,2774,152926.13099302622
1314,2775,128681.01099804952
1315,2776,156563.13720006947
1316,2777,161448.4754544626
1317,2778,131343.9010576338
1318,2779,138517.9533217476
1319,2780,98610.96677035236
1320,2781,81034.25054054616
1321,2782,86466.75903484637
1322,2783,81255.17983767686
1323,2784,119140.66185032576
1324,2785,155311.06301510165
1325,2786,71979.32526174198
1326,2787,143111.06657242996
1327,2788,62519.705579354806
1328,2789,167752.82911988217
1329,2790,78687.29143512486
1330,2791,110616.65597184487
1331,2792,68484.0234357009
1332,2793,142775.71085305186
1333,2794,99141.9739789166
1334,2795,123773.64683297845
1335,2796,71588.17744256742
1336,2797,215144.81292336967
1337,2798,131157.87042302234
1338,2799,145673.9429913658
1339,2800,67205.12191700541
1340,2801,103205.40567636429
1341,2802,138695.7073231287
1342,2803,150676.36480263533
1343,2804,135810.24836195822
1344,2805,102626.22101595726
1345,2806,67752.24132284333
1346,2807,162009.71858016407
1347,2808,165092.38348269503
1348,2809,118716.14742405456
1349,2810,123870.65740488959
1350,2811,168836.38613630703
1351,2812,159871.16866820882
1352,2813,154469.48942932504
1353,2814,146978.276358661
1354,2815,106749.9738315856
1355,2816,245992.83808155797
1356,2817,171489.1852088641
1357,2818,142600.13301006617
1358,2819,185628.44883660058
1359,2820,131999.98143253644
1360,2821,117995.83259505931
1361,2822,194491.8473765189
1362,2823,290875.2734668893
1363,2824,138874.19310854824
1364,2825,158354.20282964897
1365,2826,136678.04131115894
1366,2827,140070.10291986645
1367,2828,260598.9438457389
1368,2829,233055.2778980917
1369,2830,214843.45811728184
1370,2831,197144.0420376889
1371,2832,232683.06328919937
1372,2833,296799.70224184415
1373,2834,214224.99832839356
1374,2835,220871.29143240332
1375,2836,215725.51954328959
1376,2837,163756.95968096558
1377,2838,135713.9105130434
1378,2839,185843.5926119815
1379,2840,185190.41055366962
1380,2841,202894.73110262988
1381,2842,228609.94176652178
1382,2843,161631.9233167798
1383,2844,160484.82563613166
1384,2845,107099.92570100598
1385,2846,210270.87008776062
1386,2847,195692.1952734851
1387,2848,222396.73921124518
1388,2849,205366.37663339154
1389,2850,286174.680868512
1390,2851,227114.64509029733
1391,2852,232169.48478915443
1392,2853,240970.96054907152
1393,2854,161622.92729975993
1394,2855,206498.89173496893
1395,2856,195895.08545105442
1396,2857,204182.17311910487
1397,2858,209397.65452337614
1398,2859,97585.49929966296
1399,2860,143292.86625617326
1400,2861,131457.8744857855
1401,2862,219321.96387156344
1402,2863,143459.32901941842
1403,2864,252396.83379520578
1404,2865,128994.88927083123
1405,2866,157151.97165318902
1406,2867,109787.99437588693
1407,2868,119612.27445967276
1408,2869,98948.3775901377
1409,2870,117484.7656323344
1410,2871,82680.69217634849
1411,2872,5592.417839699832
1412,2873,83697.94437020576
1413,2874,175642.45445157896
1414,2875,124499.59913175918
1415,2876,184392.08916121552
1416,2877,129940.91772748671
1417,2878,155178.77513125737
1418,2879,129893.65942462863
1419,2880,115563.5584710035
1420,2881,109702.75868281334
1421,2882,153500.74979919984
1422,2883,194841.47468309687
1423,2884,184763.6388930399
1424,2885,158758.67526721462
1425,2886,223699.32454302814
1426,2887,108342.74947786736
1427,2888,145587.76424150052
1428,2889,38297.06747942767
1429,2890,80806.43337161123
1430,2891,154779.6678348209
1431,2892,32930.795341408375
1432,2893,91470.16538063924
1433,2894,27836.857174468605
1434,2895,303020.3754432694
1435,2896,263578.307893557
1436,2897,216069.92972027173
1437,2898,144220.24291860207
1438,2899,233715.85129085486
1439,2900,154635.71368576054
1440,2901,240954.0580637122
1441,2902,209879.31595464365
1442,2903,318427.60650519887
1443,2904,344200.03937833325
1444,2905,72337.54202012182
1445,2906,204667.77622547644
1446,2907,114210.90969311008
1447,2908,116160.79868585036
1448,2909,135096.07620660792
1449,2910,64121.222341290195
1450,2911,55611.71635957982
1451,2912,159783.36038075376
1452,2913,67373.10945816107
1453,2914,49731.145219498576
1454,2915,65969.47682904622
1455,2916,66604.7545051129
1456,2917,170721.3898016368
1457,2918,108521.72853775171
1458,2919,239324.6682358202
